[NumberOfWaves] 200
=================================
0.000023	120.000000	0.000000	2.353305
0.000057	117.058824	0.000000	5.973514
0.000123	114.258373	0.000000	4.599254
0.000243	111.588785	0.000000	3.761482
0.000444	109.041096	0.000000	0.980294
0.000757	106.607143	0.000000	0.980142
0.001212	104.279476	0.000000	0.364950
0.001841	102.051282	0.000000	5.442345
0.002669	99.916318	0.000000	3.776917
0.003714	97.868852	0.000000	4.448951
0.004984	95.903614	0.000000	0.129336
0.006477	94.015748	0.000000	6.094123
0.008184	92.200772	0.000000	5.230391
0.010084	90.454545	0.000000	1.334166
0.012152	88.773234	0.000000	1.142440
0.014356	87.153285	0.000000	1.152365
0.016661	85.591398	0.000000	1.911610
0.019031	84.084507	0.000000	3.297142
0.021432	82.629758	0.000000	2.713991
0.023826	81.224490	0.000000	1.829847
0.026181	79.866221	0.000000	3.844385
0.028462	78.552632	0.000000	0.876466
0.030635	77.281553	0.000000	1.835599
0.032663	76.050955	0.000000	2.301919
0.034506	74.858934	0.000000	2.865572
0.036115	73.703704	0.000000	4.933406
0.037436	72.583587	0.000000	1.254587
0.038410	71.497006	0.000000	3.231030
0.038977	70.442478	0.000000	3.722251
0.039089	69.418605	0.000000	0.291857
0.038721	68.424069	0.000000	3.817317
0.037884	67.457627	0.000000	1.071435
0.036632	66.518106	0.000000	0.408731
0.035067	65.604396	0.000000	5.962024
0.033324	64.715447	0.000000	6.067245
0.031557	63.850267	0.000000	5.079310
0.029915	63.007916	0.000000	1.913945
0.028528	62.187500	0.000000	0.613692
0.027499	61.388175	0.000000	4.299163
0.026893	60.609137	0.000000	2.765560
0.026747	59.849624	0.000000	0.766789
0.026937	59.108911	0.000000	3.111288
0.027395	58.386308	0.000000	0.216069
0.028107	57.681159	0.000000	5.713429
0.029047	56.992840	0.000000	1.625963
0.030181	56.320755	0.000000	4.162750
0.031461	55.664336	0.000000	1.958538
0.032832	55.023041	0.000000	3.267684
0.034233	54.396355	0.000000	3.435082
0.035599	53.783784	0.000000	1.161475
0.036872	53.184855	0.000000	6.092080
0.038001	52.599119	0.000000	4.870303
0.038947	52.026144	0.000000	5.903046
0.039688	51.465517	0.000000	5.622366
0.040217	50.916844	0.000000	3.756716
0.040539	50.379747	0.000000	5.792307
0.040671	49.853862	0.000000	0.556015
0.040635	49.338843	0.000000	1.231397
0.040459	48.834356	0.000000	0.284171
0.040168	48.340081	0.000000	2.044111
0.039789	47.855711	0.000000	2.442131
0.039342	47.380952	0.000000	1.704936
0.038847	46.915521	0.000000	5.207111
0.038318	46.459144	0.000000	2.241547
0.037767	46.011561	0.000000	1.765164
0.037202	45.572519	0.000000	3.409860
0.036630	45.141777	0.000000	0.885453
0.036055	44.719101	0.000000	5.040352
0.035481	44.304267	0.000000	0.468416
0.034909	43.897059	0.000000	6.200793
0.034342	43.497268	0.000000	4.852157
0.033781	43.104693	0.000000	1.248567
0.033226	42.719141	0.000000	0.034696
0.032678	42.340426	0.000000	5.123695
0.032138	41.968366	0.000000	4.441316
0.031605	41.602787	0.000000	4.580487
0.031079	41.243523	0.000000	4.846035
0.030562	40.890411	0.000000	0.465236
0.030053	40.543294	0.000000	2.252307
0.029553	40.202020	0.000000	0.728027
0.029060	39.866444	0.000000	5.423039
0.028576	39.536424	0.000000	3.916298
0.028101	39.211823	0.000000	2.079094
0.027633	38.892508	0.000000	0.399349
0.027174	38.578352	0.000000	1.953960
0.026723	38.269231	0.000000	2.043187
0.026281	37.965024	0.000000	4.584251
0.025846	37.665615	0.000000	4.005892
0.025420	37.370892	0.000000	5.574522
0.025001	37.080745	0.000000	2.967014
0.024591	36.795069	0.000000	0.751433
0.024188	36.513761	0.000000	4.481449
0.023793	36.236722	0.000000	4.780153
0.023405	35.963855	0.000000	3.526609
0.023025	35.695067	0.000000	4.844130
0.022653	35.430267	0.000000	3.102609
0.022287	35.169367	0.000000	3.284427
0.021929	34.912281	0.000000	2.686319
0.021578	34.658926	0.000000	0.159713
0.021233	34.409222	0.000000	0.677902
0.020895	34.163090	0.000000	0.197475
0.020564	33.920455	0.000000	3.998685
0.020240	33.681241	0.000000	1.975157
0.019921	33.445378	0.000000	3.195444
0.019609	33.212796	0.000000	5.702408
0.019304	32.983425	0.000000	1.566349
0.019004	32.757202	0.000000	2.578512
0.018710	32.534060	0.000000	4.747268
0.018421	32.313938	0.000000	1.437581
0.018139	32.096774	0.000000	0.483679
0.017862	31.882510	0.000000	1.820562
0.017590	31.671088	0.000000	1.012983
0.017324	31.462451	0.000000	5.841463
0.017063	31.256545	0.000000	5.077570
0.016807	31.053316	0.000000	3.979793
0.016555	30.852713	0.000000	5.475548
0.016309	30.654685	0.000000	5.049621
0.016068	30.459184	0.000000	1.172254
0.015831	30.266160	0.000000	5.608114
0.015599	30.075567	0.000000	3.388787
0.015371	29.887359	0.000000	5.073296
0.015147	29.701493	0.000000	5.630308
0.014928	29.517923	0.000000	1.998075
0.014713	29.336609	0.000000	0.691477
0.014502	29.157509	0.000000	1.432159
0.014295	28.980583	0.000000	2.683597
0.014092	28.805790	0.000000	5.139738
0.013892	28.633094	0.000000	5.408130
0.013697	28.462455	0.000000	0.043682
0.013505	28.293839	0.000000	3.209120
0.013317	28.127208	0.000000	2.622671
0.013132	27.962529	0.000000	1.395545
0.012950	27.799767	0.000000	0.753136
0.012772	27.638889	0.000000	2.121299
0.012597	27.479862	0.000000	5.924476
0.012426	27.322654	0.000000	2.030744
0.012257	27.167235	0.000000	3.259658
0.012092	27.013575	0.000000	4.417198
0.011929	26.861642	0.000000	2.284752
0.011770	26.711409	0.000000	6.105887
0.011613	26.562848	0.000000	6.047235
0.011459	26.415929	0.000000	1.581995
0.011308	26.270627	0.000000	3.124305
0.011160	26.126915	0.000000	1.890474
0.011014	25.984766	0.000000	1.789706
0.010870	25.844156	0.000000	0.231768
0.010730	25.705059	0.000000	3.830006
0.010591	25.567452	0.000000	3.158425
0.010456	25.431310	0.000000	0.323451
0.010322	25.296610	0.000000	1.750787
0.010191	25.163330	0.000000	5.706803
0.010062	25.031447	0.000000	1.505212
0.009935	24.900938	0.000000	0.910401
0.009811	24.771784	0.000000	3.075322
0.009688	24.643963	0.000000	6.193024
0.009568	24.517454	0.000000	1.520878
0.009449	24.392237	0.000000	4.223152
0.009333	24.268293	0.000000	4.785397
0.009219	24.145602	0.000000	1.493121
0.009106	24.024145	0.000000	4.575518
0.008995	23.903904	0.000000	2.310850
0.008887	23.784861	0.000000	3.972895
0.008780	23.666997	0.000000	3.980585
0.008674	23.550296	0.000000	3.366372
0.008571	23.434740	0.000000	0.567307
0.008469	23.320312	0.000000	5.248360
0.008369	23.206997	0.000000	2.015521
0.008270	23.094778	0.000000	1.171930
0.008173	22.983638	0.000000	0.256198
0.008078	22.873563	0.000000	3.712690
0.007984	22.764538	0.000000	4.257262
0.007891	22.656546	0.000000	0.104224
0.007800	22.549575	0.000000	3.217576
0.007711	22.443609	0.000000	1.423115
0.007623	22.338634	0.000000	4.053740
0.007536	22.234637	0.000000	1.095577
0.007451	22.131603	0.000000	4.341290
0.007367	22.029520	0.000000	2.429930
0.007284	21.928375	0.000000	5.885648
0.007202	21.828154	0.000000	0.864070
0.007122	21.728844	0.000000	2.142983
0.007043	21.630435	0.000000	0.712975
0.006965	21.532913	0.000000	5.810021
0.006889	21.436266	0.000000	5.512486
0.006813	21.340483	0.000000	1.620695
0.006739	21.245552	0.000000	4.146802
0.006666	21.151461	0.000000	5.134759
0.006594	21.058201	0.000000	3.488430
0.006523	20.965759	0.000000	3.327893
0.006453	20.874126	0.000000	1.519603
0.006384	20.783290	0.000000	0.584982
0.006316	20.693241	0.000000	5.637373
0.006249	20.603969	0.000000	5.657494
0.006183	20.515464	0.000000	3.977894
0.006118	20.427716	0.000000	2.130187
0.006054	20.340716	0.000000	2.194148
0.005990	20.254453	0.000000	4.561314
0.005928	20.168919	0.000000	5.636710
0.005867	20.084104	0.000000	5.573728
0.005806	20.000000	0.000000	4.900103
